1 225 225
2 225 225
3 225 225
4 225 225
5 225 225
6 225 225
7 225 225
8 225 225
9 225 225
10 225 225
11 225 225
12 225 225
1 225 225
2 225 225
3 225 225
4 225 225
5 225 225
6 225 225
7 225 225
8 225 225
9 225 225
10 225 225
11 225 225
12 225 225
1 225 225
2 225 225
3 225 225
4 225 225
5 225 225
6 225 225
7 225 225
8 225 225
9 225 225
10 225 225
11 225 225
12 225 225
1 225 225
2 225 225
3 225 225
4 225 225
5 225 225
6 225 225
7 225 225
8 225 225
9 225 225
10 225 225
11 225 225
12 225 225
1 225 225
2 225 225
3 225 225
4 225 225
5 225 225
6 225 225
7 225 225
8 225 225
9 225 225
10 225 225
11 225 225
12 225 225