1 344 344
2 344 344
3 344 344
4 344 344
5 344 344
6 344 344
8 344 344
9 344 344
10 344 344
11 344 344
1 344 344
2 344 344
3 344 344
4 344 344
5 344 344
6 344 344
7 344 344
8 344 344
9 344 344
10 344 344
11 344 344
12 344 344
1 344 344
2 344 344
3 344 344
4 344 344
5 344 344
6 344 344
7 344 344
8 344 344
9 344 344
10 344 344
11 344 344
12 344 344
1 344 344
2 344 344
3 344 344
4 344 344
5 344 344
6 344 344
7 344 344
8 344 344
9 344 344
10 344 344
11 344 344
12 344 344
1 344 344
2 344 344
3 344 344
4 344 344
5 344 344
6 344 344
7 344 344
8 344 344
9 344 344
10 344 344
11 344 344
12 344 344
